  8.8780483e-001  7.0887174e+000
 -1.1968985e+000 -6.6488336e+000
 -6.8052170e-001  1.3097657e+000
  1.0287499e+000 -5.4677192e+000
 -2.3360415e+000  8.8795970e+000
  2.0833673e+000  5.7597640e-001
  2.7345112e+000  6.9868772e+000
 -1.3309695e+000 -1.4275200e+001
 -1.3367205e+000 -2.5496883e+001
  1.2805311e+000  2.4558209e+000
  1.4816721e+000 -1.5850570e-002
 -1.3775442e+000 -9.1098026e+000
 -1.9804606e+000 -1.1821141e+001
  2.6416734e-001  1.4949945e+000
  2.5025817e+000  2.8328359e+000
 -1.3069600e+000 -8.3596439e+000
 -2.7493471e+000  1.9788724e+001
  5.4604472e-001  1.8262313e+000
 -3.0459961e-001 -1.6278779e+000
 -7.4886221e-003  9.3569256e+000
 -6.0473135e-001 -6.3361141e+000
 -1.5286133e+000 -1.1438209e+001
 -5.6955603e-001  2.2677300e+000
 -1.6502073e+000 -6.2717687e+000
 -2.5544316e+000  1.6664973e+001
  6.5873594e-001  5.4564557e+000
 -1.2795672e+000 -1.6601525e+001
  1.3147199e-001 -1.9194773e-001
  2.6959424e+000  7.3634771e+000
 -1.6362543e+000 -7.9847972e+000
  2.2564104e+000  8.4136470e-001
 -2.0630098e+000  7.3215420e+000
  2.1378808e-001 -3.9400823e+000
 -2.3073679e+000  1.5507389e+000
  2.1178858e+000  5.2635498e+000
  1.8710147e+000  3.6535214e+000
  2.1703751e+000 -7.4149324e+000
  1.9266638e-001  4.5657470e+000
  2.7151430e+000  9.7424533e+000
  2.7084072e+000  1.0563553e+001
  7.1303339e-001 -5.0929726e+000
  9.6921643e-001  1.5522667e+000
  2.1075150e+000 -3.5609573e+000
 -1.9325934e+000  2.5843997e+000
 -1.0323079e+000 -9.0392924e+000
  1.1777262e+000 -5.0195118e+000
 -2.3567409e-001  5.7098848e+000
  2.9339167e+000  1.0216238e+001
 -2.4524210e+000  1.0006393e+001
 -8.8186763e-001 -1.4970309e+001
